20
6
35
30
140
32
5
41
27
48
64
41
17
17
8
10
15
15
18
13
19
4
8
10
24
30
18
78
16
13
11
15
13
8
8
9
9
10
10
8
7
15
13
20
13
8
59
34
63
8
20
17
10
14
7
33
36
88
73
10
7
14
166
10
8
9
24
8
12
27
8
9
33
14
24
7
12
33
11
37
17
7
8
156
64
27
12
18
23
22
28
242
21
35
36
31
34
30
58
11
9
23
14
14
111
23
11
39
18
62
38
102
60
45
54
58
60
91
72
131
153
214
281
102
71
63
63
66
81
44
97
44
40
37
9
155
105
9
11
44
7
30
261
25
8
8
11
114
13
17
12
9
8
67
6
7
6
19
13
17
15
31
9
6
6
40
65
40
28
31
32
43
47
39
13
22
28
18
50
14
17
25
30
41
44
36
45
44
39
35
35
43
51
62
43
42
52
66
68
41
38
43
46
33
30
38
42
23
41
11
48
28
30
10
56
21
48
15
13
18
416
313
38
27
26
22
6
64
44
37
45
49
83
44
34
36
27
35
38
124
53
10
8
9
30
25
33
23
202
118
37
31
22
46
494
100
123
53
23
21
22
24
29
27
29
64
52
36
797
22
27
31
31
19
31
40
29
51
68
24
44
19
16
40
22
28
20
33
21
19
16
24
26
21
20
21
30
27
37
936
124
93
60
92
47
51
75
54
22
21
18
18
21
37
18
24
25
21
18
23
15
14
505
67
15
15
14
26
22
29
51
31
27
32
20
19
22
17
21
14
24
14
13
25
41
169
268
79
44
19
37
51
23
17
15
138
509
103
865
232
196
317
327
616
148
122
248
178
52
51
17
12
14
52
13
15
47
13
36
157
123
52
31
17
12
12
18
15
13
50
150
102
373
124
119
167
687
105
137
494
162
109
240
86
123
163
9
12
11
8
10
35
7
8
7
8
13
11
13
14
7
7
12
84
90
296
1718
133
1068
275
99
93
95
140
169
215
264
217
183
117
33
12
10
14
17
30
20
16
19
13
18
26
21
23
22
43
35
31
35
36
44
557
113
134
205
195
192
158
136
179
463
1218
118
116
106
124
176
167
10
10
12
18
16
25
11
12
148
93
216
248
91
195
183
724
748
746
934
552
520
579
2427
532
460
443
496
19
17
18
436
221
126
239
1647
320
198
96
39
26
35
81
28
19
637
1806
876
833
562
974
466
1235
530
869
417
245
237
247
251
670
219
180
191
166
231
382
352
510
288
357
415
298
399
346
321
463
456
456
414
372
1316
874
464
350
544
441
717
358
344
372
834
517
314
376
25
44
59
38
82
53
104
75
63
110
75
93
32
34
27
42
34
31
25
24
353
391
346
291
420
427
309
716
1055
529
1901
1159
898
354
722
455
289
528
708
344
42
46
20
48
25
22
23
127
75
83
102
83
76
70
19
18
65
45
46
780
1489
33
27
32
31
83
218
37
25
332
283
266
276
512
221
518
273
194
241
285
670
172
298
160
203
257
179
434
316
418
288
346
345
772
589
342
385
570
62
53
557
262
168
1159
101
102
131
75
28
20
25
18
19
393
286
385
644
9697
422
432
861
742
117
114
136
104
109
89
170
220
115
91
96
123
148
40
74
56
25
53
51
47
47
245
94
60
66
75
57
46
124
157
132
428
105
109
124
191
149
181
201
165
47
36
55
102
46
192
138
58
46
28
589
3198
589
546
450
437
383
417
299
338
737
615
403
356
4822
672
634
112
104
373
111
152
184
398
196
310
107
1351
836
295
338
445
1341
27
29
21
31
36
185
22
20
119
27
284
254
133
173
149
110
125
107
127
160
176
1159
17
13
27
21
15
129
269
157
129
1404
176
99
149
340
352
299
289
494
373
268
2058
336
357
7784
247
260
185
50
17
16
21
23
22
44
53
304
253
1452
425
412
584
532
465
503
191
521
694
123
156
113
130
96
174
101
68
186
140
138
164
215
164
848
290
245
691
306
560
304
236
439
5480
942
29
66
52
73
36
21
20
30
43
358
390
336
738
781
1735
26710
2961
3373
2022
1281
607
601
1048
403
360
265
329
297
342
131
113
82
129
115
113
116
176
124
403
172
580
181
5099
173
190
190
235
381
550
690
402
2469
170
206
2377
487
629
342
299
266
425
920
682
225
361
756
354
361
769
304
472
252
953
461
945
452
914
491
150
167
313
288
229
257
285
238
162
187
259
236
80
102
76
95
136
107
367
375
285
289
264
449
392
363
131
176
638
128
112
126
145
96
133
277
273
141
244
83
86
106
97
152
140
192
434
561
142
106
106
128
119
121
130
188
272
354
122
239
121
491
229
116
104
121
254
361
457
238
265
161
499
147
1030
550
187
133
244
481
118
369
163
190
573
222
313
1276
688
458
318
256
361
296
138
2687
111
152
75
86
157
71
670
118
127
100
126
109
114
541
117
121
953
95
123
107
180
84
92
77
118
93
1257
1294
90
102
117
1952
149
111
121
202
133
123
181
182
139
135
121
957
224
173
542
250
304
412
214
183
233
139
628
341
130
211
220
166
294
912
592
412
150
312
421
102
10064
464
96
153
473
1413
5587
391
337
456
188
550
919
286
349
403
512
1505
489
703
360
513
290
288
306
342
523
481
223
259
171
159
188
221
169
120
114
108
461
234
150
424
138
114
93
125
144
133
140
1767
361
3575
222
345
192
156
276
128
182
221
121
102
125
106
97
110
120
169
91
96
945
1029
955
1906
893
956
2053
1194
1201
1654
1953
3245
1708
1981
2486
1441
1374
1192
1067
22441
7897
3732
2217
1558
827
852
2575
157
132
167
141
180
132
139
2347
1656
428
538
655
153
68
350
101
66
107
837
2613
2068
1417
1739
2950
2670
2800
1213
999
963
1145
1661
1306
1151
1667
1360
938
908
1206
1163
1269
1411
926
1193
805
1071
1845
812
165
195
267
210
104
131
240
135
131
116
115
75
60
78
328
92
94
521
211
249
953
115
1936
16134
972
1988
1495
3372
3624
1003
1419
1013
955
25232
18490
1311
1289
1225
1925
887
775
1069
847
266
600
356
377
220
181
573
396
306
365
456
153
309
277
247
280
296
984
213
1320
223
85
81
89
79
70
89
625
50
86
50
116
217
1276
645
1031
552
535
540
1719
1089
890
735
687
4625
273
110
121
169
189
117
126
149
142
181
136
238
113
77
88
55
50
80
71
241
449
232
216
226
217
450
365
304
214
227
245
218
215
525
478
274
264
187
195
764
727
944
1554
2064
2060
2310
1473
1820
1782
1508
869
725
733
833
689
1979
959
174
320
238
107
116
102
95
101
37
57
113
244
80
99
118
124
117
136
131
140
152
127
3398
583
1055
686
674
687
478
390
357
363
327
316
1103
447
199
223
250
277
359
307
260
296
319
267
248
207
252
243
234
192
238
202
281
244
259
70
88
309
403
159
127
124
172
189
193
612
228
234
210
150
142
147
167
185
483
493
834
900
2252
391
437
273
374
126
136
252
128
145
317
380
245
220
421
129
578
126
336
504
324
247
353
216
199
690
210
169
246
221
196
273
178
183
219
188
411
809
382
352
303
383
344
372
270
323
226
238
225
269
131
198
189
142
740
194
113
121
138
196
190
199
173
131
1755
279
199
179
183
169
182
586
256
373
1116
555
5881
207
307
317
151
143
132
162
134
962
2119
146
145
154
250
221
191
166
429
283
306
234
263
247
251
280
206
392
241
1630
616
667
484
452
337
229
277
219
210
201
196
288
307
2284
203
358
199
218
215
202
199
208
547
162
218
563
155
203
148
124
326
366
237
272
266
296
273
686
495
321
322
261
215
166
167
168
213
255
164
195
214
324
247
496
568
613
383
314
559
154
181
197
212
208
217
216
209
221
223
178
810
307
631
583
430
418
636
5870
937
530
510
1192
475
1036
1450
566
698
1306
444
488
657
737
853
301
248
413
575
315
272
273
3411
324
534
407
636
290
256
292
350
354
950
246
262
356
443
2289
497
662
468
632
455
468
349
767
10052
1088
445
504
500
448
337
403
729
419
432
463
602
818
6143
466
646
757
1436
2150
424
38675
3039
2427
856
776
656
250
305
2737
187
214
232
305
271
498
245
300
383
238
227
229
260
197
234
368
779
217
439
250
202
187
269
178
237
254
164
188
197
323
143
559
112
140
269
510
183
189
155
170
274
263
190
195
188
187
158
152
172
230
214
239
182
249
248
309
428
1252
287
354
347
326
323
320
404
260
324
241
241
255
349
418
420
374
346
318
334
806
2274
399
570
217
174
231
1165
170
241
520
365
251
338
543
519
378
367
306
1162
333
358
418
351
649
403
2151
348
376
402
840
497
451
601
819
937
149
270
265
384
315
337
430
377
320
421
588
362
397
292
415
274
184
170
209
377
228
318
324
173
171
193
156
681
125
115
168
226
229
230
1214
630
568
564
952
726
428
385
856
456
372
372
433
534
655
505
390
365
348
604
456
485
361
537
423
491
454
523
510
560
528
531
502
357
308
411
267
365
286
229
231
267
461
1002
533
601
590
243
162
515
198
280
158
430
112
160
143
227
154
99
2895
3202
2342
1397
1014
1012
9674
16135
9443
13548
2944
1171
1441
3122
1096
1076
1209
3915
1550
1717
2000
2709
1314
1760
2615
2121
4003
1335
2390
1178
1757
5926
1313
1707
1432
2436
2432
2120
1936
1196
257
264
376
280
243
333
393
1571
1197
7650
20854
15472
2669
2347
2711
1589
1338
1410
1383
1117
1283
1143
4976
1326
1411
3458
948
5642
1657
1780
1707
17806
1182
3869
3160
1459
1821
5829
4398
1935
1220
1344
5384
1529
8624
969
1016
2830
1008
3539
1446
1849
4381
1949
2067
630
343
326
421
337
590
538
382
327
568
385
366
351
726
336
345
529
1062
1922
607
697
253
120
140
141
120
167
84
84
1355
1550
14594
8295
1599
1740
1648
2936
1380
1021
1356
2082
1330
2953
8266
5911
6105
2440
5221
5755
3582
21151
9583
3264
5495
101
926
2099
2330
6703
3172
1663
1729
1801
1183
2430
1284
1144
1080
1190
2002
1612
1611
1557
2036
1852
3321
2199
2079
12284
3332
2679
170
4364
148
66
45
1769
1728
1554
15562
4039
2035
1538
1547
4304
2173
1935
3591
25326
8979
2812
1800
1355
2381
2783
11104
1339
1607
8809
10313
8471
1785
846
346
292
1863
333
309
637
402
266
760
404
321
1026
299
333
293
342
535
594
2008
38603
1220
34545
1394
1964
1449
1055
1249
2964
3393
1464
1871
1796
13541
1875
1441
1692
1639
1566
5441
4814
1603
1487
1401
1608
3814
133
108
1237
16798
3642
3274
3208
3800
2163
1699
1807
1917
3099
1550
1423
1513
1550
1953
1115
1208
1047
2366
1087
982
937
2603
1129
1123
1208
1098
1217
934
899
1695
1310
1180
1522
830
10412
1226
791
1025
778
670
944
779
466
325
299
324
293
293
336
526
376
458
459
425
663
597
431
496
616
472
467
1289
747
790
802
823
7773
619
593
2354
971
1293
1116
812
832
785
1376
953
825
295
59
63
91
45
57
62
103
863
3779
758
839
1987
1054
1454
1910
794
1938
1224
945
1221
967
800
1108
1053
1742
1923
1635
1994
981
668
710
586
1151
761
636
629
649
764
1689
844
1060
44
52
68
100
147
82
161
568
2735
467
521
1432
1301
711
608
685
860
799
1728
1389
611
547
522
505
485
1303
648
467
478
534
353
542
515
368
411
301
295
341
452
318
335
266
310
316
355
341
525
8616
5259
918
2690
794
1045
711
916
714
4320
3749
1035
1137
1387
1827
732
643
1047
671
597
563
529
750
563
1039
813
1034
967
686
1974
1429
762
770
678
801
1361
697
1336
2502
1973
582
693
759
862
91
79
141
130
124
182
209
115
112
117
758
429
216
721
181
93
88
82
616
96
224
296
255
268
436
558
474
340
338
460
363
482
487
307
336
331
292
323
276
307
323
327
302
677
605
896
849
577
590
2323
2041
1405
787
5601
1447
629
605
430
417
670
574
2748
2578
559
1544
532
525
444
236
93
191
123
107
101
115
180
187
150
97
97
135
131
470
154
320
280
276
279
297
275
370
516
390
356
338
386
366
372
417
2058
10568
2352
2300
1933
1925
2168
835
556
532
2795
476
413
528
1042
597
1509
516
803
724
726
593
1198
745
675
2983
887
623
499
583
169
146
127
173
15121
244
221
241
236
149
355
339
11202
151
149
410
105
501
1196
590
619
521
1539
606
975
933
991
940
695
713
831
467
462
548
9878
444
549
427
499
498
9757
2169
412
409
576
107
108
108
1071
166
158
152
211
316
308
106
136
137
123
119
425
1075
549
8140
1542
1593
1019
697
602
7766
531
524
2070
558
3230
12053
9533
3645
4282
3689
1537
3347
3610
1982
20913
2835
1902
1977
2662
1295
1596
790
611
601
572
494
598
557
522
516
1509
1603
673
778
902
1331
1816
440
370
654
413
518
346
402
463
398
4460
665
349
345
371
473
591
520
543
4905
622
595
605
350
408
406
346
397
341
455
519
870
926
777
1118
627
634
1108
517
613
552
539
480
489
717
5575
1552
1119
982
871
888
903
781
506
424
560
621
544
898
757
481
474
1241
821
1099
538
479
489
538
576
667
476
469
638
2499
771
977
994
954
776
930
610
543
523
388
349
364
1015
460
457
390
488
394
369
421
362
436
402
851
389
373
445
422
397
390
353
409
3451
948
9771
533
16284
8999
1133
460
463
1029
1015
605
565
461
565
408
554
703
574
397
433
399
833
435
445
488
527
474
476
419
712
550
497
22263
711
912
5087
1660
1572
1128
1855
1251
5334
9787
2139
966
1118
1642
1253
938
2065
2149
1423
3303
7711
3384
3812
2725
8232
4389
2141
1381
1253
681
792
18592
478
613
594
562
775
2582
896
982
545
588
496
1577
2574
2653
3419
1201
1855
4078
1833
10743
4816
11098
12039
4888
2814
16730
4062
20371
9326
10683
3442
10917
2419
2384
3212
538
520
871
499
516
602
951
889
644
652
615
584
537
676
862
988
735
934
1277
770
756
836
3545
482
485
425
348
362
370
450
687
485
388
414
2239
522
453
455
332
549
939
2704
978
413
337
441
425
547
345
350
383
502
379
385
414
331
552
508
428
559
2563
345
339
1102
429
3029
2134
920
483
556
739
1377
1065
1824
1126
3259
2599
2243
1371
1287
1099
1671
836
1033
943
10972
2405
615
773
570
545
605
1151
560
620
889
856
824
1241
1226
1016
571
659
952
2294
1662
20703
2830
3938
2522
2541
1899
7874
2159
3177
4415
794
906
1276
1077
923
1016
5979
1109
618
1255
1008
1125
1937
1787
1821
817
844
2389
1104
943
905
1832
1130
1441
1291
961
2242
2994
2827
4026
5005
13238
6581
9291
10561
4038
14492
8397
2049
2289
3573
2531
4900
2372
4676
2316
6208
1781
10120
3551
7117
6228
2342
3786
1708
1426
420
660
1194
420
457
435
640
618
653
403
7401
1671
426
466
428
508
430
386
347
343
909
3130
776
1234
859
715
1029
1286
1907
536
510
588
751
458
518
507
593
619
497
535
438
2055
1555
1855
2265
7364
3816
3027
2264
2033
2511
3425
2515
3078
1872
5718
8086
2082
5220
2054
2405
1850
1690
984
1230
892
3688
14882
653
844
644
600
1455
508
740
519
4017
1198
2262
1042
2008
1140
868
781
1020
1156
1008
1539
2920
2035
967
3348
1694
329
506
224
233
207
224
1563
1766
1173
994
1221
1043
1751
1164
1429
1063
1971
1535
1096
1563
2754
7211
3788
8261
17061
185
207
191
203
193
374
363
1396
1764
778
341
343
289
302
2069
1754
275
1055
510
6026
605
379
321
256
258
247
6637
3161
666
724
3196
1032
838
512
870
1007
7571
579
724
1225
519
582
483
510
516
576
3372
596
685
742
630
539
1301
577
778
553
874
856
524
644
654
657
1663
638
663
1051
1797
873
3651
1017
929
1440
2030
927
1090
1177
1217
980
898
1059
1156
3023
291
335
297
283
236
245
246
208
540
692
238
315
295
243
282
246
642
274
388
1925
266
369
443
1666
262
720
485
392
2317
2450
1018
955
1368
1380
1144
1413
1051
1741
2214
1318
3833
2476
890
990
1160
1225
1314
1008
1045
940
1203
817
784
685
713
664
683
812
882
762
6973
843
345
330
622
284
299
264
1991
356
323
2431
347
377
319
1208
1246
673
2888
1280
1739
1381
1247
1071
836
777
873
724
1339
1285
1415
1421
1171
1398
1670
1820
1071
1079
1849
1430
3774
2175
2042
1317
1190
1333
2229
3492
2045
2088
2266
1967
3210
2426
1594
5615
346
812
353
232
207
234
182
208
197
195
204
349
766
482
345
763
1056
676
714
805
1496
1159
1020
794
2298
583
446
470
440
475
447
452
371
328
3738
314
454
669
562
808
1109
592
527
1623
1583
689
1535
667
560
812
1222
1522
740
652
751
565
693
530
489
452
475
149
149
135
150
158
151
146
203
212
186
449
1439
1658
1662
1149
1356
1046
1958
2032
3363
3146
1816
1214
974
1378
1467
1607
1391
1363
1818
3196
1416
1577
1676
2225
1396
1415
425
2737
1748
732
523
1465
2244
1151
831
1480
2985
760
670
594
817
830
885
3529
421
236
872
338
199
218
187
188
172
366
437
230
374
321
198
220
186
1204
189
478
2609
1246
799
752
746
639
873
2161
939
2107
1819
668
862
954
648
402
589
401
445
455
574
742
968
595
2284
1833
1395
1238
1273
1610
2783
2622
1202
1763
1481
853
914
863
6706
2315
1744
1514
1375
717
555
495
496
546
601
944
789
588
560
737
2922
1392
8718
822
529
518
630
341
335
1950
355
360
346
387
354
351
297
297
239
435
327
2816
403
230
314
426
499
360
727
356
258
200
1157
1229
1177
1243
2495
1164
3483
1308
1384
1196
1114
1151
1226
3779
1798
934
982
758
284
369
310
294
549
1690
595
1354
409
403
423
595
1920
8157
735
763
664
667
841
770
795
1049
719
738
985
1046
822
1278
2871
1269
2094
1183
892
2034
622
934
633
1143
658
420
444
593
532
505
1893
458
415
463
495
505
602
506
494
824
729
629
633
793
754
2907
1485
1593
937
1533
806
2441
1336
1022
963
1097
1069
1154
471
485
549
447
452
553
586
550
427
397
415
501
900
834
529
495
910
768
890
633
505
451
464
513
440
573
611
412
396
645
433
289
213
223
202
195
201
179
240
253
465
273
302
1476
1412
1235
1140
1123
1830
1104
2140
1639
1350
906
857
923
1046
2277
829
730
743
726
813
1175
1272
475
690
976
1155
644
503
499
528
399
499
394
401
681
821
835
1381
2765
730
608
632
557
532
540
435
495
426
442
12409
2404
712
755
828
586
630
641
617
818
657
1422
591
448
230
358
314
343
692
265
310
576
835
5040
589
943
3039
412
4603
833
589
666
1008
4327
30676
2565
3500
4204
1707
1175
803
1213
618
619
425
681
541
605
531
596
573
899
816
417
441
501
706
590
881
1048
1011
1432
1499
1429
1456
924
1139
4913
1166
1365
1341
1165
942
909
1084
765
610
607
771
1176
450
444
616
520
428
549
395
383
356
381
1199
1235
589
577
812
550
522
527
406
416
411
715
823
633
557
485
1664
683
1136
637
1749
638
1910
694
739
1013
619
495
673
595
2197
338
537
694
497
365
397
720
1209
626
2493
2333
2281
645
11509
4867
671
640
750
2553
7466
2578
6229
563
660
632
478
409
488
519
727
484
1984
3303
680
646
693
511
450
552
1563
511
459
1464
991
671
493
695
453
1087
334
327
2593
634
649
544
502
1129
1407
723
634
660
1192
1457
1163
750
656
605
735
540
1365
744
599
1036
509
591
470
316
317
434
360
350
786
737
650
1020
1059
965
615
2097
1208
707
1653
1229
1602
949
919
929
1019
838
862
704
675
12894
1274
1073
645
546
573
404
548
988
659
478
533
392
396
516
667
688
517
527
546
480
488
477
478
360
391
1417
493
10060
645
359
417
580
317
296
304
281
233
340
221
231
284
295
724
719
1623
1356
2794
1172
1021
1384
909
686
660
676
884
1507
660
695
1112
747
802
834
1628
1189
908
865
820
844
1381
944
826
881
2295
1183
1288
2848
912
890
1220
1835
1473
1082
813
1037
722
901
687
1037
784
734
947
806
798
953
958
859
792
828
1024
2123
1931
474
684
820
8279
320
1149
468
464
672
441
630
444
468
458
772
432
918
4360
1486
1120
697
2335
1698
2951
4098
790
2905
5556
1279
1036
2508
1374
855
880
920
825
714
1435
1225
1116
1511
950
923
951
988
962
1383
2456
2056
1984
1006
2208
4802
1319
1557
1112
2986
1002
1252
1072
1113
1012
1060
4744
1425
725
880
728
16803
3561
1404
2290
9485
6559
3276
4025
4198
1787
4611
2509
2382
1432
1156
6401
3734
2093
2163
2168
4351
1320
1329
1518
309
260
260
344
355
283
310
309
333
1701
566
599
360
343
331
1183
1509
1369
3312
1071
904
4125
1498
1923
5152
400
363
425
524
472
509
465
490
478
717
632
771
1646
536
615
825
599
765
702
472
500
558
732
755
1207
1437
2023
648
856
865
731
920
3352
1051
1558
2096
2406
2331
1853
2026
13566
2632
15684
4421
1131
1048
950
1846
1874
1159
1265
946
2994
1998
766
723
680
3090
3183
758
2628
1495
1107
892
677
575
595
776
635
733
559
926
534
1181
22849
1897
3533
6625
6426
1745
7236
6161
7011
3052
3200
2422
2212
1193
892
575
690
798
753
1012
2770
743
715
646
585
1197
625
635
758
595
479
4231
3370
4297
1274
1807
1562
2258
2064
2299
2295
7107
1251
1143
1405
2124
2606
1380
1277
2282
2325
1971
6733
1297
4194
1150
795
679
700
576
959
9549
9297
1688
1167
1083
984
2977
1605
1585
1748
9497
12041
3061
1181
4671
3307
1445
1207
4548
921
895
3880
770
1085
1345
1078
1351
770
863
713
683
831
6560
1187
13748
711
857
891
766
19260
1353
1312
943
955
1016
960
1259
1436
901
1060
1739
883
679
664
595
652
560
558
654
592
792
659
668
648
787
612
722
838
1758
914
708
716
738
709
803
799
674
862
723
872
880
745
786
859
960
957
1595
724
901
954
1025
1467
1159
1139
1228
1496
2422
996
1881
1464
2233
978
1186
873
1286
2655
5814
1076
876
9233
3366
965
1793
1017
985
2710
1186
1657
1261
893
877
19194
1643
1111
6006
1276
1065
1089
798
808
1811
1504
1726
2009
2052
998
1372
714
743
16161
1477
1315
2843
2200
734
2587
1140
670
689
1458
823
768
858
961
867
1012
1319
1429
1613
1107
26501
7110
1557
1503
1931
1857
966
1886
1906
1113
952
1159
1227
8168
4289
3274
2487
2167
2612
1705
1847
4533
2435
1576
1252
1266
1183
1312
9485
8047
1391
3242
1819
1431
11263
969
1330
1203
1452
1478
1428
1323
2510
946
2359
885
5033
1637
1205
1248
1117
2114
1763
1524
5048
1008
1139
880
1464
1791
10325
1351
1284
1163
999
3191
1553
23618
1869
1250
3041
1355
1174
1647
4031
5519
5091
1198
1884
2419
1447
1196
1297
4712
1293
1629
2175
1985
4174
2171
3768
1926
1205
1782
1899
1590
1449
1098
1045
5965
1852
2194
1350
1315
1233
1198
1039
1211
1180
1463
1104
1132
1082
1108
1401
2335
1037
1160
1785
2108
1443
1068
832
896
950
1511
3271
1068
1011
1065
1025
1061
1148
1069
987
1673
1347
1043
1104
950
2138
2242
830
809
938
940
884
820
743
1332
823
763
1190
916
1011
1094
2912
1342
1051
1324
1284
783
762
901
892
823
789
1210
1059
836
1616
844
759
594
763
